{"cols": ["age", "Medu", "Fedu", "traveltime", "studytime", "failures", "famrel", "freetime", "goout", "Dalc", "Walc", "health", "absences", "G1", "G2", "G3"], "matrix": [[1.0, 0.068, 0.099, -0.056, 0.024, 0.005, -0.038, 0.005, 0.018, -0.069, 0.016, -0.016, -0.014, 0.022, 0.04, 0.041], [0.068, 1.0, 0.11, 0.049, 0.034, -0.045, -0.011, -0.089, 0.082, 0.017, 0.043, -0.067, -0.094, 0.097, 0.082, 0.074], [0.099, 0.11, 1.0, -0.048, -0.025, -0.021, -0.035, -0.066, -0.054, -0.018, -0.023, 0.027, -0.057, 0.101, 0.189, 0.088], [-0.056, 0.049, -0.048, 1.0, -0.104, -0.001, 0.02, 0.064, 0.047, 0.052, -0.034, 0.036, -0.039, -0.052, -0.054, 0.019], [0.024, 0.034, -0.025, -0.104, 1.0, -0.016, 0.02, 0.065, -0.068, -0.043, 0.043, 0.017, 0.012, 0.276, 0.229, 0.141], [0.005, -0.045, -0.021, -0.001, -0.016, 1.0, 0.041, -0.025, 0.007, 0.131, -0.072, -0.049, -0.056, -0.693, -0.685, -0.435], [-0.038, -0.011, -0.035, 0.02, 0.02, 0.041, 1.0, 0.042, 0.001, 0.048, -0.054, -0.032, -0.01, 0.037, 0.008, -0.003], [0.005, -0.089, -0.066, 0.064, 0.065, -0.025, 0.042, 1.0, 0.003, -0.072, -0.002, -0.106, -0.012, 0.029, 0.011, 0.086], [0.018, 0.082, -0.054, 0.047, -0.068, 0.007, 0.001, 0.003, 1.0, 0.044, -0.054, 0.037, 0.043, -0.037, -0.049, -0.051], [-0.069, 0.017, -0.018, 0.052, -0.043, 0.131, 0.048, -0.072, 0.044, 1.0, 0.046, 0.011, -0.038, -0.093, -0.128, -0.076], [0.016, 0.043, -0.023, -0.034, 0.043, -0.072, -0.054, -0.002, -0.054, 0.046, 1.0, 0.013, 0.038, -0.031, -0.006, -0.034], [-0.016, -0.067, 0.027, 0.036, 0.017, -0.049, -0.032, -0.106, 0.037, 0.011, 0.013, 1.0, -0.016, -0.044, -0.021, 0.125], [-0.014, -0.094, -0.057, -0.039, 0.012, -0.056, -0.01, -0.012, 0.043, -0.038, 0.038, -0.016, 1.0, 0.003, -0.054, -0.067], [0.022, 0.097, 0.101, -0.052, 0.276, -0.693, 0.037, 0.029, -0.037, -0.093, -0.031, -0.044, 0.003, 1.0, 0.821, 0.529], [0.04, 0.082, 0.189, -0.054, 0.229, -0.685, 0.008, 0.011, -0.049, -0.128, -0.006, -0.021, -0.054, 0.821, 1.0, 0.604], [0.041, 0.074, 0.088, 0.019, 0.141, -0.435, -0.003, 0.086, -0.051, -0.076, -0.034, 0.125, -0.067, 0.529, 0.604, 1.0]]}